0 BC
283 03 53
533 42
783 06 46 56
833 AF
1666 AF
1949 13
2149 07
2199 22 02
2449 16 26 06 47 57
2499 AF
3332 AF
3565 17
3615 11
3865 32 43
4115 16 27 07 36 46
4165 AF
4998 AF
5481 47
5531 42
5781 17 46
5831 AF
6664 AF
7147 47
7197 43
7447 16 46
7497 AF
8330 AF
8563 17
8613 13
8863 03
9113 16 26 06 37 47
9163 AF
9996 AF
10479 07
10529 02
10779 06
10829 AF
11662 AF
12145 07
12195 03 42
12445 17 27 06 46 56
12495 AF
14161 AF
15477 07
15527 02
15777 16 26 06 47 57
15827 AF
17493 AF
18559 17
18609 11
18859 43
19109 16 27 07 36 46
19159 AF
20825 AF
22141 47
22191 03 42
22441 17 06 37 46 56
22491 AF
24157 AF
25823 AF
27489 AF
28605 13
28805 07
28855 02
29105 16 26 06 47 57
29155 AF
31887 17
31937 11
32187 43
32437 16 27 07 36 46
32487 AF
34153 AF
35469 47
35519 03 42
35769 17 06 37 46 56
35819 AF
39101 07 36 57
39151 AF
40817 AF
41650 AF
41933 13 24
42183 02
42433 16 26 06 37 47
42483 AF
44149 AF
44982 AF
45215 17
45265 11
45515 43
45765 16 27 07 36 46
45815 AF
47481 AF
48314 AF
48797 47
48847 03 42
49097 17 06 37 46 56
49147 AF
50813 AF
51646 AF
52429 07 36 57
52479 AF
54145 AF
54978 AF
55261 13
55511 02
55761 16 26 06 37 47
55811 AF
57477 AF
58310 AF
58543 17
58593 11
58843 43
59093 16 27 07 36 46
59143 AF
60809 AF
61642 AF
61875 17
61925 13 22
62425 16 26 06 37 47
62475 AF
64141 AF
64974 AF
65807 AF
68789 07
68839 03 42
69089 17 27 06 46 56
69139 AF
70805 AF
71638 AF
72471 AF
74137 AF
74970 AF
75453 07
75503 02
75753 16 26 06 47 57
75803 AF
77469 AF
78302 AF
79085 17 27 07 36 46
79135 AF
80801 AF
81634 AF
81917 24
82417 16 26 06 37 47
82467 AF
84133 AF
84966 AF
85199 17
85249 11
85499 43
85749 16 27 07 36 46
85799 AF
87465 AF
88298 AF
89081 47
89131 AF
90797 AF
91630 AF
91863 17
91913 13 22
92413 16 26 06 37
92463 AF
94129 AF
94962 AF
95445 07
95495 03 42
95745 17 27 06 46 56
95795 AF
97461 AF
98294 AF
98777 07
98827 02
99077 16 26 06 47 57
99127 AF
100793 AF
101626 AF
102409 17 27 07 36 46
102459 AF
104125 AF
104958 AF
105241 11
105441 47
105491 43
105741 16 46
105791 AF
107457 AF
108290 AF
108523 17
108573 13
108773 47
108823 03 42
109073 16 06 37 46
109123 AF
110789 AF
111622 AF
111855 17
111905 11
112405 16 07 36 47
112455 AF
113521 17
113571 13
113821 02
114071 16 26 06 37
114121 AF
115787 AF
