0 08
630 18
1260 28
1890 38
2520 48
3150 58
3780 08
4410 18
5040 28
5670 38
6300 48
6930 58
7120 13
7360 16
7560 18
8820 08
9640 43
9880 46
10080 18 48
11340 28
11860 17
11970 18 48
12160 11
12400 16
12600 18
12920 22
13030 26
13230 28
13860 48
14570 17
14680 13
14920 16
15120 18 28
16380 18 28
17640 08
18480 47
18590 42
18700 46
18900 18 48
20160 38
20480 32
20590 36
20790 38
21420 38
22130 37
22240 34
22480 36
22680 38
23200 27
23310 28
23830 47
23940 48
26460 18
27300 18
28140 18
28980 18 48
29690 17
29800 11
30040 16
30240 18
30870 18
31500 18
33910 17
34020 18 28
36340 26
36430 37
36540 28 38
37690 27
37800 28
38430 28
38620 53
38860 56
39060 58
40320 38
40950 28
41580 28
42640 16
42840 18
43990 17
44100 18 58
49140 58
50400 28
50830 26
51030 28
51660 18
52810 27
52920 28
53980 26
54180 28 48
55330 27
55440 28
55630 32
55870 36
56070 38
57760 26
57960 28
58910 43
59020 46
59220 48
60060 37
60170 31
60280 36
60370 27
60480 28 38
61740 28
63000 38
64150 37
64260 38 58
65520 18
66150 18
66360 57
66470 52
66580 56
66780 58
68040 38
68670 28
69190 57
69300 58
70560 28
70990 26
71190 28
71820 18
72970 27
73080 28
74140 26
74230 47
74340 28 48
75490 27
75600 28
75920 32
76030 36
76230 38
78120 38
78200 37
78310 34
78550 36
78750 38
79180 46
79380 28 48
80640 28
81270 28
81900 28
82960 26
83160 28
84310 37
84420 28 38
86740 16
86940 18
88200 28
89150 53
89260 56
89460 58
90610 27
90720 28
91150 26
91350 28
91870 17
91980 18
93130 27
93240 28
94300 26
94390 47
94500 28 48
95650 27
95760 28
95950 32
96190 36
96390 38
98080 26
98280 28
99340 46
99540 48
100380 37
100490 31
100600 36
100690 27
100800 28 38
102060 28
103320 38
104470 37
104580 38 58
105840 18
106470 18
106680 57
106790 52
106900 56
107100 58
108360 38
108990 28
109510 57
109620 58
110880 28
111310 26
111510 28
112140 18
113290 27
113400 28
114460 26
114550 47
114660 28 48
115810 27
115920 28
116350 26
116550 28
117180 48
118130 32
118240 36
118440 38
119500 46
119700 48
120850 37
120960 38
121590 38
122220 38
123480 28
124740 28 38
127150 27
127260 28
127690 26
127890 28
128520 18
129040 27
129150 28
129360 47
129470 44
129580 46
129780 18 48
132100 36
132300 38
133360 26
133560 28
134190 28
134400 47
134510 43
134620 46
134820 48
137230 27
137340 28
137770 26
137970 28
138600 18
139120 27
139230 28
139440 47
139550 42
139660 46
139860 18 48
141120 18
141750 18
141830 37
141940 34
142180 36
142380 38
143330 02
143440 06
143640 08
144590 12
144700 16
144900 08 18
147310 07
147420 08 18 28
147850 06
148050 08
148260 07
148370 03
148480 06
148680 08
148890 07
149000 02
149110 06
149310 08
149520 07 17
149630 03 11
149740 06 16
149940 08 18
151000 26
151200 28
151830 08
151910 37
152020 32
152260 36
152460 38
153720 18
154560 47
154670 43
154780 46
154980 18 48
156130 27
156240 28
156950 17
157060 13
157300 16
157500 18
158020 17
158130 18
158760 28
159190 26
159390 28
159910 37
160020 18 38
161280 18
161910 18
162540 18
163800 28
164430 28
165060 38
166120 16
166320 18
167580 18
168730 07
168840 08
170100 18 48
171250 27
171360 28
171880 17
171990 18
172620 48
173440 11
173680 16
173880 18
174310 26
174510 28
175140 48
175850 17
175960 13
176200 16
176400 18 28
177660 18 28
178920 08
179760 47
179870 42
179980 46
180180 18 48
181440 38
181870 36
182070 38
182700 48
183410 37
183520 34
183760 36
183960 38
184480 27
184590 28
185220 58
185930 37
186040 32
186280 36
186480 38
187630 17
187740 18
187930 11
188170 16
188370 18
189080 17
189190 13
189430 16
189630 18
189840 47
189950 43
190060 46
190260 18 48
191520 28
192150 28
192780 48
194040 28
195190 37
195300 18 38
196560 28
197190 28
198250 26
198450 28
199400 53
199510 56
199600 17
199710 18 58
200970 38
202120 27
202230 28
203490 38
204750 58
205810 16
206010 18
207270 18
208530 08
209790 18 48
211050 28
211570 17
211680 18
212310 48
213130 11
213370 16
213570 18
214000 26
214200 28
214830 48
215540 17
215650 13
215890 16
216090 18 28
217350 18 28
218610 08
219560 02
219670 06
219870 08 18
220710 07
220820 03
220930 06
221130 08
221970 07
222080 04
222190 06
222390 08
223230 47
223340 42
223450 46
223650 48
224360 07
224470 02
224710 06
224910 08
225620 07
225730 04
225970 06
226060 17
226170 08 18
227320 27
227430 28
228270 07
228380 03
228490 06
228690 08 18
230380 16
230580 18
230790 47
230900 43
231010 46
231210 18 48
232470 28
233100 28
233730 48
234990 28
236050 26
236250 28
236330 17
236440 11
236680 16
236880 18 38
238030 17
238140 18
238660 27
238770 28
239400 38
240460 26
240660 28
241180 27
241290 28
241480 13
241720 16
241920 18 28
