0 08
540 18
1080 28
1620 38
2160 48
2700 58
3240 08
3780 18
4320 28
4860 38
5400 48
5940 58
6080 13
6280 16
6480 18
7560 08
8240 43
8440 46
8640 18 48
9720 28
10190 17
10260 18
10800 48
10940 11
11140 16
11340 18
11510 17
11580 12
11680 16
11880 18
12420 48
13130 17
13200 13 22
13300 16 26
13500 18 28
14580 18 28
15660 08
16370 47
16440 42
16540 46
16740 18 48
17820 38
18060 32
18160 36
18360 38
18900 38
19510 37
19580 34
19780 36
19980 38
20450 27
20520 28
20990 47
21060 48
23220 18
23940 18
24660 18
25380 18 48
25990 17
26060 11
26260 16
26460 18
27000 18
27540 18
29630 17
29700 18 28
31660 26
31790 37
31860 28 38
32870 27
32940 28
33480 28
33620 53
33820 56
34020 58
35100 38
35640 28
36180 28
37060 16
37260 18
38270 17
38340 18 58
42660 58
43740 28
44080 26
44280 28
44820 18
45830 27
45900 28
46780 26
46980 28 48
47990 27
48060 28
48200 32
48400 36
48600 38
50020 26
50220 28
51000 43
51100 46
51300 48
52010 37
52080 31
52180 36
52310 27
52380 28 38
53460 28
54540 38
55550 37
55620 38 58
56700 18
57240 18
57410 57
57480 52
57580 56
57780 58
58860 38
59400 28
59870 57
59940 58
61020 28
61360 26
61560 28
62100 18
63110 27
63180 28
64060 26
64190 47
64260 28 48
65270 27
65340 28
65580 32
65680 36
65880 38
67500 38
67570 37
67640 34
67840 36
68040 38
68380 46
68580 28 48
69660 28
70200 28
70740 28
71620 26
71820 28
72830 37
72900 28 38
74860 16
75060 18
76140 28
76920 53
77020 56
77220 58
78230 27
78300 28
78640 26
78840 28
79310 17
79380 18
80390 27
80460 28
81340 26
81470 47
81540 28 48
82550 27
82620 28
82760 32
82960 36
83160 38
84580 26
84780 28
85660 46
85860 48
86570 37
86640 31
86740 36
86870 27
86940 28 38
88020 28
89100 38
90110 37
90180 38 58
91260 18
91800 18
91970 57
92040 52
92140 56
92340 58
93420 38
93960 28
94430 57
94500 58
95580 28
95920 26
96120 28
96660 18
97670 27
97740 28
98620 26
98750 47
98820 28 48
99830 27
99900 28
100240 26
100440 28
100980 48
101760 32
101860 36
102060 38
102940 46
103140 48
104150 37
104220 38
104760 38
105300 38
106380 28
107460 28 38
109550 27
109620 28
109960 26
110160 28
110700 18
111170 27
111240 28
111410 47
111480 44
111580 46
111780 18 48
113740 36
113940 38
114820 26
115020 28
115560 28
115730 47
115800 43
115900 46
116100 48
118190 27
118260 28
118600 26
118800 28
119340 18
119810 27
119880 28
120050 47
120120 42
120220 46
120420 18 48
121500 18
122040 18
122110 37
122180 34
122380 36
122580 38
123360 02
123460 06
123660 08
124440 12
124540 16
124740 08 18
126830 07
126900 08 18 28
127240 06
127440 08
127610 07
127680 03
127780 06
127980 08
128150 07
128220 02
128320 06
128520 08
128690 07 17
128760 03 11
128860 06 16
129060 08 18
129940 26
130140 28
130680 08
130750 37
130820 32
131020 36
131220 38
132300 18
133010 47
133080 43
133180 46
133380 18 48
134390 27
134460 28
135070 17
135140 13
135340 16
135540 18
136010 17
136080 18
136620 28
136960 26
137160 28
137630 37
137700 18 38
138780 18
139320 18
139860 18
140940 28
141480 28
142020 38
142900 16
143100 18
144180 18
145190 07
145260 08
146340 18 48
147350 27
147420 28
147890 17
147960 18
148500 48
149180 11
149380 16
149580 18
149920 26
150120 28
150660 48
151270 17
151340 13
151540 16
151740 18 28
152820 18 28
153900 08
154610 47
154680 42
154780 46
154980 18 48
156060 38
156400 36
156600 38
157140 48
157750 37
157820 34
158020 36
158220 38
158690 27
158760 28
159300 58
159910 37
159980 32
160180 36
160380 38
161390 17
161460 18
161600 11
161800 16
162000 18
162610 17
162680 13
162880 16
163080 18
163250 47
163320 43
163420 46
163620 18 48
164700 28
165240 28
165780 48
166860 28
167870 37
167940 18 38
169020 28
169560 28
170440 26
170640 28
171420 53
171520 56
171650 17
171720 18 58
172800 38
173810 27
173880 28
174960 38
176040 58
176920 16
177120 18
178200 18
179280 08
180360 18 48
181440 28
181910 17
181980 18
182520 48
183200 11
183400 16
183600 18
183940 26
184140 28
184680 48
185290 17
185360 13
185560 16
185760 18 28
186840 18 28
187920 08
188700 02
188800 06
189000 08 18
189710 07
189780 03
189880 06
190080 08
190790 07
190860 04
190960 06
191160 08
191870 47
191940 42
192040 46
192240 48
192850 07
192920 02
193120 06
193320 08
193930 07
194000 04
194200 06
194330 17
194400 08 18
195410 27
195480 28
196190 07
196260 03
196360 06
196560 08 18
197980 16
198180 18
198350 47
198420 43
198520 46
198720 18 48
199800 28
200340 28
200880 48
201960 28
202840 26
203040 28
203110 17
203180 11
203380 16
203580 18 38
204590 17
204660 18
205130 27
205200 28
205740 38
206620 26
206820 28
207290 27
207360 28
207500 13
207700 16
207900 18 28
